69069510; 5
68696528; 5
69666760; 5
73134180; 5
86040460; 5
80642926; 5
80720206; 5
151397454; 5
122396098; 5
135962856; 5
89300138; 5
103283822; 5
116101268; 5
151692954; 5
148308014; 5
140776688; 5
145325048; 5
2845552; 5
326923818; 5
159592162; 5
167058000; 5
3438082; 5
203654710; 5
174779888; 5
196182764; 5
193415954; 5
233482098; 5
206447458; 5
212386624; 5
212038718; 5
233162456; 5
218199308; 5
228617516; 5
226809990; 5
324097200; 5
245092322; 5
261156058; 5
257850828; 5
274279038; 5
268874266; 5
273864726; 5
273464176; 5
319243890; 5
283753726; 5
293122860; 5
289572932; 5
310515446; 5
298233308; 5
308541992; 5
306205254; 5
644552504; 5
330588958; 5
341238216; 5
337784876; 5
363286666; 5
348456202; 5
363694128; 5
354760248; 5
386577980; 5
371114898; 5
375997226; 5
376515638; 5
383732240; 5
378262782; 5
381405852; 5
381855326; 5
488140608; 5
387612002; 5
393429000; 5
392770896; 5
415143436; 5
401141928; 5
416304368; 5
412234808; 5
484295066; 5
425933818; 5
441605442; 5
441458686; 5
93278900; 5
473582234; 5
470280526; 5
453929964; 5
643768560; 5
491623948; 5
510788404; 5
505099564; 5
527480412; 5
515919850; 5
523693560; 5
522749724; 5
564097240; 5
530566498; 5
538328752; 5
534427584; 5
553271004; 5
542842314; 5
553975538; 5
548522870; 5
645205314; 5
568708092; 5
578970162; 5
577247672; 5
596572534; 5
587063874; 5
591479780; 5
593801362; 5
643463018; 5
600388788; 5
623291372; 5
618253738; 5
642318600; 5
642202260; 5
634106402; 5
1266875664; 5
651416416; 5
675089754; 5
670035810; 5
709712232; 5
696199908; 5
706890334; 5
702392402; 5
747496282; 5
711312626; 5
726668130; 5
718250960; 5
749937214; 5
741104590; 5
750400294; 5
751016452; 5
826758100; 5
761692390; 5
781892926; 5
764330540; 5
793696346; 5
784596794; 5
788068030; 5
790121876; 5
821225088; 5
800008910; 5
806857352; 5
807772564; 5
817333954; 5
814726504; 5
816793918; 5
814841386; 5
975294698; 5
835195002; 5
840949492; 5
841216798; 5
868012016; 5
842344660; 5
862161230; 5
857443782; 5
899735354; 5
874998604; 5
877152750; 5
874419100; 5
898295104; 5
888487072; 5
892558418; 5
889542520; 5
972422204; 5
908749820; 5
916008562; 5
911798114; 5
931533562; 5
922262348; 5
937908724; 5
933631690; 5
971014866; 5
944590848; 5
958702176; 5
952347324; 5
968972478; 5
964850068; 5
967314276; 5
962682220; 5
1263615116; 5
978327024; 5
1003110252; 5
997092466; 5
1016456816; 5
1005396572; 5
1013741442; 5
1010764862; 5
1046807284; 5
1019670474; 5
1022195856; 5
1027077958; 5
1038045792; 5
1035060044; 5
1035796300; 5
1029068764; 5
1115322364; 5
1050041740; 5
1076989030; 5
1074890856; 5
1093002658; 5
1085577564; 5
1092157394; 5
1091044736; 5
1112555422; 5
1099121846; 5
1104038618; 5
1102690008; 5
1113900188; 5
1101494374; 5
1116639080; 5
1114072596; 5
1264799230; 5
1124687410; 5
1128080186; 5
1122403320; 5
1137720592; 5
1132282856; 5
1141641182; 5
1135510736; 5
1177678842; 5
1147800708; 5
1150312376; 5
1153480678; 5
1166860934; 5
1161654066; 5
1167532500; 5
1167362758; 5
1264413230; 5
1179624300; 5
1195770260; 5
1193939836; 5
1219239516; 5
1199005242; 5
1215478304; 5
1215583000; 5
1257913804; 5
1230690868; 5
1243915662; 5
1236880674; 5
1256595938; 5
1252181056; 5
1252042938; 5
25766586; 5
2461360068; 5
1265320724; 5
1283632088; 5
1279355840; 5
1303795370; 5
1282017250; 5
1304634706; 5
1293362540; 5
1340451488; 5
1312233300; 5
1317871996; 5
1312876200; 5
1343436920; 5
1318108956; 5
1343039068; 5
1332990928; 5
1410060170; 5
1347677956; 5
1353355542; 5
1348233528; 5
1386969262; 5
1365422334; 5
1385859310; 5
1378037454; 5
1414223680; 5
1389255066; 5
1392326108; 5
1393095398; 5
1415889598; 5
1397045992; 5
1408630670; 5
1404437390; 5
1575953058; 5
1424630180; 5
1448740514; 5
1436477276; 5
1451475768; 5
1450054286; 5
1455492986; 5
107938252; 5
111621838; 5
1507729512; 5
1461218344; 5
1475588594; 5
1473173100; 5
1501889912; 5
1489599318; 5
1502203126; 5
110884070; 5
1574972142; 5
1513078626; 5
1514220072; 5
1517069882; 5
1539891052; 5
1528524064; 5
1529205158; 5
1526611494; 5
1578117132; 5
1550752664; 5
1559991360; 5
1568671308; 5
1566263848; 5
1567984798; 5
1568233838; 5
1835453828; 5
1590492778; 5
1593988032; 5
1593512816; 5
1613065958; 5
1595033590; 5
1606629396; 5
1597953274; 5
1640453796; 5
1612990112; 5
1628713082; 5
1623532416; 5
1638091670; 5
1634742434; 5
1636654000; 5
1629105152; 5
1693528914; 5
1637146108; 5
1651184400; 5
1657653596; 5
1669539104; 5
1653008752; 5
1667503616; 5
1665643128; 5
1679825276; 5
1678089690; 5
1675616388; 5
1673738820; 5
1688750436; 5
1681149746; 5
1678894612; 5
1690464948; 5
1841143406; 5
1693190890; 5
1706883188; 5
1707355092; 5
1736015810; 5
1729047978; 5
1733030656; 5
1729545774; 5
1768524780; 5
1737053822; 5
1749080038; 5
1740224144; 5
1773751506; 5
1755637558; 5
1769780770; 5
1768125914; 5
1841121510; 5
1783099962; 5
1786855188; 5
1787859808; 5
1792162744; 5
1786775542; 5
1789116696; 5
1795464708; 5
1836772070; 5
1812062268; 5
1820838920; 5
1814132984; 5
1825283258; 5
1818536084; 5
1831420218; 5
1834869614; 5
2449608584; 5
1836646022; 5
1839319856; 5
1849627034; 5
1875305104; 5
1853426672; 5
1875686538; 5
1877083334; 5
1938706382; 5
1896827300; 5
1916169476; 5
1902640916; 5
1924543692; 5
1908787546; 5
1929094788; 5
1918701564; 5
1992564426; 5
1939627786; 5
1948793266; 5
1948678678; 5
1955152148; 5
1953348296; 5
1959751948; 5
1948813418; 5
1992708282; 5
1961286700; 5
1974788542; 5
1962644680; 5
1991383774; 5
1972470774; 5
1976240134; 5
1986945310; 5
2155347922; 5
2009795154; 5
2010283660; 5
2022258212; 5
2010528862; 5
2025558042; 5
2021090774; 5
2063797490; 5
2027375602; 5
2031747856; 5
2030861562; 5
2066671098; 5
2047261768; 5
2052977020; 5
2052533192; 5
2151082744; 5
2072826990; 5
2083422166; 5
2083219182; 5
2096773444; 5
2086540126; 5
2103482738; 5
2098172732; 5
2143698716; 5
2109666880; 5
2120515722; 5
2114214790; 5
2142755222; 5
2131469482; 5
2141491788; 5
2143396126; 5
2456020902; 5
2158959950; 5
2171528886; 5
2167209216; 5
2177067142; 5
2163199326; 5
2178730612; 5
2182185926; 5
2217167972; 5
2190841662; 5
2207954194; 5
2191984688; 5
2220159854; 5
2211849026; 5
2219066902; 5
2205152202; 5
120583344; 5
123605546; 5
136376598; 5
2306799026; 5
2250289514; 5
2243647188; 5
2271782294; 5
2254452424; 5
2262384550; 5
2261833082; 5
2303813972; 5
2280876706; 5
2287089184; 5
2281297296; 5
2300541432; 5
2294960252; 5
2302763292; 5
2293432154; 5
2455834738; 5
2300156260; 5
2328071566; 5
2318822466; 5
2339679904; 5
2326282286; 5
2333423552; 5
2322824344; 5
2362305872; 5
2351174868; 5
2353517026; 5
2353484238; 5
2364639124; 5
2366156174; 5
2371584620; 5
2371316542; 5
2451837750; 5
2379199438; 5
2400041534; 5
2401981628; 5
2404561288; 5
50705338; 5
2415741272; 5
2409299338; 5
2441482844; 5
131756532; 5
2423629188; 5
2422409758; 5
2454517866; 5
2435206532; 5
2453662046; 5
2438041026; 5
140026078; 5
142992748; 5
144126810; 5
155648648; 5
161523490; 5
168939302; 5
204184414; 5
239009778; 5
163162702; 5
173222434; 5
175745702; 5
189168074; 5
205732448; 5
210043490; 5
212216754; 5
211826108; 5
217222092; 5
224735452; 5
224271424; 5
242856310; 5
249471332; 5
265996892; 5
276875536; 5
249458014; 5
269353182; 5
273086998; 5
269297218; 5
296958976; 5
287610494; 5
299946836; 5
304651526; 5
487049366; 5
335324850; 5
348352084; 5
352963562; 5
376753148; 5
376989094; 5
381711964; 5
379660510; 5
420356610; 5
8305536; 5
405652366; 5
404959738; 5
441945860; 5
440794494; 5
446576414; 5
453416616; 5
561808924; 5
493772254; 5
519584282; 5
521712622; 5
540618952; 5
537503544; 5
548529940; 5
550044324; 5
595908728; 5
576864898; 5
591628288; 5
592092598; 5
621560448; 5
604628468; 5
629101996; 5
633790348; 5
979404496; 5
665758876; 5
700501406; 5
703150728; 5
735742256; 5
716850038; 5
747263720; 5
748827006; 5
790762008; 5
766562146; 5
790763432; 5
792455682; 5
807313854; 5
804108266; 5
813125642; 5
814144428; 5
899102368; 5
837371530; 5
852496018; 5
849783700; 5
882236442; 5
873016786; 5
881993358; 5
889173236; 5
932932276; 5
910396080; 5
929497274; 5
930253192; 5
957002672; 5
953205950; 5
962445938; 5
966790888; 5
1116838142; 5
996475426; 5
1006030766; 5
1004766444; 5
1031707908; 5
1016690830; 5
1034946528; 5
1036117786; 5
1090083842; 5
1063470186; 5
1090904460; 5
1088827356; 5
1100422608; 5
1103456792; 5
1107591722; 5
1112285086; 5
1177480814; 5
1126309942; 5
1139088724; 5
1136208736; 5
1153980518; 5
1153975904; 5
1164130882; 5
1168723150; 5
1230582474; 5
1188403400; 5
1206080528; 5
1210222130; 5
1244974850; 5
1234398502; 5
1255105072; 5
1249163140; 5
1842769184; 5
1274638812; 5
1279784740; 5
1296523606; 5
1314355474; 5
27231952; 5
1328188274; 5
1327506158; 5
1385968484; 5
1350099928; 5
1370322058; 5
1369065316; 5
1394956604; 5
1396350512; 5
1400328664; 5
1399818792; 5
1508423380; 5
1428237378; 5
1450362640; 5
1450046134; 5
1478123446; 5
1462109958; 5
1488098986; 5
1489595758; 5
1547089168; 5
1517276452; 5
1522719392; 5
1527336030; 5
1554584760; 5
32030026; 5
1568892738; 5
1571506906; 5
1692801248; 5
1588354522; 5
1594031798; 5
1607294392; 5
1633099136; 5
1612393462; 5
1634452518; 5
1634655738; 5
1669911686; 5
1652438438; 5
1662286096; 5
1666692206; 5
1683644078; 5
1672737282; 5
1682994220; 5
35597206; 5
1778952150; 5
1703789826; 5
1727768502; 5
1723223076; 5
1754529476; 5
1735595856; 5
1762330388; 5
1760487874; 5
1813454136; 5
1787702116; 5
1787033646; 5
1792559608; 5
1820887102; 5
1816841352; 5
1828099392; 5
1815853110; 5
2150543956; 5
38452168; 5
1864819124; 5
1873911076; 5
1914161860; 5
1895904918; 5
1927857616; 5
1929367636; 5
1964516754; 5
1947879056; 5
1951177818; 5
1955569452; 5
1971012928; 5
40935224; 5
1987514412; 5
1976430368; 5
2067701930; 5
2011459804; 5
2017099094; 5
2022774884; 5
2049958838; 5
2030538666; 5
2039834630; 5
2050393722; 5
2109089724; 5
2079964274; 5
2093588476; 5
2100302180; 5
2122625988; 5
2103605752; 5
2132658736; 5
2135412704; 5
2309483094; 5
2164101324; 5
2179545988; 5
2180465900; 5
2211689328; 5
2194867762; 5
2214498216; 5
2211988294; 5
2274168006; 5
2229995622; 5
2251763764; 5
2257945160; 5
2288366184; 5
2281533602; 5
2292561252; 5
2291408602; 5
2375936878; 5
2315313174; 5
2327332012; 5
49062696; 5
2358794722; 5
2357155686; 5
2362077146; 5
2365710704; 5
2412764156; 5
2387198960; 5
2406144020; 5
2399704420; 5
2441941476; 5
2419831762; 5
2448423068; 5
2437577628; 5
277258274; 5
284230638; 5
298377986; 5
328834034; 5
331810056; 5
340996926; 5
364953328; 5
388242714; 5
340409508; 5
367670082; 5
374379044; 5
7877696; 5
388531016; 5
389355476; 5
398184062; 5
401049488; 5
424080656; 5
435468816; 5
445827360; 5
490231336; 5
494967568; 5
512952834; 5
527915986; 5
513291192; 5
528904672; 5
541349318; 5
531753928; 5
580335352; 5
586851262; 5
603967070; 5
629559090; 5
827353790; 5
692626392; 5
712075066; 5
737529332; 5
779127156; 5
780421148; 5
803757740; 5
805593900; 5
865173608; 5
17103976; 5
868460568; 5
886332832; 5
916937882; 5
920057770; 5
947322696; 5
19549562; 5
1046553058; 5
20785866; 5
1017786272; 5
1026780574; 5
1075594374; 5
1082811784; 5
1101110700; 5
1104884996; 5
1139622930; 5
1130816448; 5
1152093450; 5
1157347448; 5
1199747080; 5
1200509112; 5
1232759468; 5
1242543340; 5
1585886102; 5
1275930148; 5
1304061942; 5
1322724792; 5
1352963544; 5
1354205116; 5
1390345806; 5
1396876922; 5
1456208616; 5
1452542410; 5
1457456330; 5
1477532754; 5
1522109868; 5
1518722864; 5
1545253664; 5
1565820020; 5
1645870090; 5
1588734540; 5
1617994382; 5
34147814; 5
1657261606; 5
1659848438; 5
1678465408; 5
35509824; 5
1731771236; 5
1724331362; 5
1744444706; 5
1752106844; 5
1780598816; 5
37037122; 5
1812920350; 5
1814720932; 5
2007207934; 5
1855465812; 5
1898861584; 5
1915547514; 5
1938394748; 5
1949762006; 5
1964041764; 5
1982056526; 5
2019351186; 5
2009685088; 5
2022120248; 5
2046042778; 5
2083582086; 5
2092223550; 5
2110435830; 5
2118619756; 5
2209952802; 5
2175516392; 5
2182869984; 5
2210586216; 5
2237235022; 5
2254438490; 5
2281387626; 5
2294452808; 5
2339364054; 5
2334315274; 5
2347129132; 5
2348843568; 5
2390706356; 5
2405007314; 5
2418756354; 5
2440522398; 5
568157186; 5
573615420; 5
595648464; 5
13429440; 5
648203116; 5
679163900; 5
707956124; 5
748365542; 5
14077694; 5
752961746; 5
766886376; 5
805304350; 5
824145190; 5
837227566; 5
844418678; 5
870631874; 5
906995638; 5
908558066; 5
941462454; 5
981753754; 5
992388688; 5
1000443006; 5
1017877032; 5
1016340212; 5
1045588636; 5
22711336; 5
1061275830; 5
1123288874; 5
1145512078; 5
1186549746; 5
1226796868; 5
1420073130; 5
1308853098; 5
1348952710; 5
28828772; 5
1441850924; 5
1454051474; 5
1514804444; 5
1551621834; 5
1615033112; 5
1616960076; 5
1637734108; 5
1675824668; 5
1714438706; 5
1735480554; 5
1781916246; 5
1806479764; 5
1925754904; 5
1890828352; 5
1944521588; 5
1960036336; 5
2003190154; 5
2022682688; 5
2074652732; 5
2106481410; 5
2179466182; 5
2187419512; 5
2227197892; 5
2277750180; 5
2329805144; 5
2348391432; 5
2384621122; 5
2417767716; 5
1114937568; 5
1120478824; 5
1183092690; 5
1272550738; 5
1267169088; 5
1275320084; 5
1309315168; 5
1338719292; 5
1343807684; 5
1418157950; 5
1429084298; 5
1505521748; 5
1587531416; 5
1589856530; 5
1594739692; 5
1639185248; 5
1694671410; 5
1697602158; 5
1781984458; 5
1847081610; 5
1853131886; 5
1849464006; 5
1888787536; 5
1934249840; 5
44746656; 5
2070718930; 5
1993611336; 5
2174419592; 5
2233435246; 5
2318530216; 5
2378935986; 5
46436746; 5
2165856872; 5
2309016918; 5
2652852438; 6
2746926924; 6
3234434054; 6
2000740330; 6
453975358; 6
3219401406; 6
1560821112; 6
3343014910; 6
2405868328; 6
1452611144; 6
135824568; 6
2661615782; 6
1496224422; 6
2231879708; 6
2920742402; 6
3447442928; 6
3288591894; 6
3597351586; 6
2752843678; 6
4184833810; 6
630010526; 6
73969646; 6
85147386; 6
